PR1: .360436
PR2.1.q80: 6.233969
PR2.2.q80: 6.143955
PR2.q80: 6.128583
PR3.q80: 4.632194
PR3: .359744
PR4.q80.N: 24.302522
PR4.q80: 24.120992
PR5.q80: 9.141815
PR5: .359931
base.q80: 6.152599
base: .360350
